8.0
40.125
41.0
40.0
